%YAML:1.0

mtx: !!opencv-matrix
   rows: 3
   cols: 3
   dt: d
   data: [ 1.080361037148722517e+03, 0.000000000000000000e+00, 5.562345594103775284e+02,
           0.000000000000000000e+00, 1.083902021795389601e+03, 9.664193831258138516e+02,
           0.000000000000000000e+00, 0.000000000000000000e+00, 1.000000000000000000e+00]

dist: !!opencv-matrix
   rows: 1
   cols: 5
   dt: d
   data: [ -3.464688247712413571e-01, 1.357594093460372520e-01, -3.136440494737760087e-04, 6.909706226999050467e-04, -2.726357328241137482e-02 ]

M: !!opencv-matrix
   rows: 3
   cols: 3
   dt: d
   data: [ 3.19306125e-01,  4.09326065e-01,  2.23100040e+01,
           7.01078289e-02,  1.10880599e+00, -6.47797474e+01,
           2.18513747e-04,  2.06916453e-03,  1.00000000e+00]



           







